0,527
0,443
0,478
0,434
0,432
0,474
0,473
0,471
0,427
0,426
0,425
0,424
117,3
117,2
0,423
117,1
117,0
0,422
0,418
0,417
0,416
0,415
0,414
0,468
0,526
0,472
0,467
116,4
116,3
116,2
0,410
116,1
116,0
0,464
0,409
115,3
115,2
0,408
115,1
115,0
0,407
0,406
114,3
114,2
0,463
114,1
114,0
0,405
0,525
0,462
113,3
113,2
0,402
113,1
113,0
0,459
0,401
112,3
112,2
0,524
112,1
112,0
0,458
111,4
0,393
0,305
0,303
111,3
111,2
111,1
111,0
0,300
0,298
0,395
110,4
0,295
0,316
0,385
110,3
110,2
0,283
110,1
110,0
0,280
109,3
109,2
0,277
109,1
109,0
0,274
0,310
108,4
0,307
0,301
0,391
0,293
0,394
108,3
108,2
0,292
108,1
108,0
0,289
0,288
107,3
107,2
0,287
107,1
107,0
0,455
0,267
0,266
0,449
0,265
0,451
0,448
0,446
0,445
0,260
0,444
0,259
0,258
0,257
0,256
0,440
0,255
0,438
0,254
0,437
0,253
0,439
0,252
0,436
0,435
0,249
0,248
0,247
0,246
0,245
0,242
0,241
0,240
0,239
0,238
0,237
0,412
0,411
0,404
0,403
0,400
0,206
0,205
0,399
0,204
0,398
0,203
0,397
0,202
0,308
0,201
0,306
0,200
0,304
0,199
0,302
0,198
0,392
0,197
0,196
0,195
0,396
0,194
0,193
0,192
0,63
0,62
0,61
0,60
0,59
0,58
0,388
0,57
0,56
